-0.013255
0.17309
0.01656
0.10371
0.24147
0.067443
-0.018617
-0.073641
-0.081528
0.23951
0.059176
-0.085503
0.011558
-0.12227
0.045748
-0.017064
-0.052202
-0.0002724
0.027458
0.068724
-0.03059
-0.042001
-0.1706
0.042331
-0.016876
0.075718
0.22432
0.23516
0.29167
0.33555
0.064571
0.018448
0.033352
0.12678
0.23863
0.073537
0.16044
0.12481
0.0057583
0.19616
-0.038663
0.045033
0.18453
0.10647
0.18272
0.069982
-0.1996
0.10609
0.01491
0.21158
0.1293
-0.22403
0.09005
-0.14991
0.12994
0.22008
0.10381
0.22764
-0.085926
0.078736
-0.037194
0.016537
-0.12796
0.081594
0.19004
0.057849
0.10804
0.028218
-0.10103
0.03828
0.063992
0.095988
0.38897
-0.046255
0.012171
