0.20083
0.03524
-0.028027
-0.060085
0.10042
0.024234
0.074399
-0.028943
0.1468
0.181
0.026612
0.047214
0.081605
-0.017158
-0.012024
0.14443
0.19017
0.003439
-0.088466
0.11891
0.093991
-0.078571
-0.093822
-0.023645
0.0039225
0.24681
-0.13254
-0.21687
-0.0010653
0.021191
-0.053795
0.18534
-0.20851
0.013242
-0.092524
-0.08712
0.14758
0.07596
-0.0051762
-0.035675
0.054958
0.030105
0.084362
0.081205
-0.016814
-0.03068
0.25059
-0.042308
-0.017217
0.20701
0.030286
0.041387
0.11707
0.081256
-0.065281
-0.12309
0.0047295
0.016008
0.078086
-0.043648
0.078138
0.21204
-0.091682
0.0038816
0.087263
0.023688
0.14751
0.14056
0.041435
0.11478
-0.16151
0.0021774
0.15048
0.051351
0.12324
0.10652
0.13063
0.11848
-0.039079
0.10748
-0.073813
0.014545
0.13738
0.060516
0.018731
-0.033512
-0.073657
0.078196
0.16292
0.10463
0.16914
0.049023
-0.079708
0.021612
0.052888
-0.12458
0.17141
0.15978
0.023117
0.11042
-0.078542
-0.048541
-0.25974
0.0052593
0.008981
0.072921
0.027556
-0.055594
0.14925
0.0098632
0.10431
0.13981
-0.062891
0.11856
0.048008
0.17855
0.020601
0.0084485
0.18536
-0.011586
0.072617
-0.093078
0.12266
0.09926
-0.026916
