-0.046627
-0.092066
0.17346
0.05348
0.07954
-0.099051
-0.008798
0.10143
0.082553
0.13148
0.0179
0.20681
0.037763
-0.037189
0.14653
0.037074
0.13733
0.010927
0.038176
0.14249
0.078981
0.049769
0.1655
-0.031252
0.3129
0.034814
0.017179
-0.042463
-0.038114
0.15497
0.17172
0.02274
0.12899
-0.15434
0.068858
0.091984
-0.083909
0.16784
-0.15027
0.069875
0.23101
-0.049221
0.16516
-0.007009
-0.037222
0.030442
-0.050188
0.1495
0.3752
0.08709
-0.054773
-0.14385
-0.088056
0.096777
0.081851
0.05071
0.091491
0.016033
0.047195
-0.12861
0.20178
-0.27258
-0.1548
0.08477
-0.095888
0.0036386
0.046703
0.11433
-0.039145
-0.090596
0.075905
0.13258
0.081357
0.0058885
0.2266
-0.11584
-0.071017
0.14666
-0.00036508
0.14677
0.17433
0.27299
0.094803
-0.030408
0.014721
-0.0086521
0.14534
0.093318
0.13586
-0.10283
-0.0334
-0.12372
0.044549
0.0274
0.042379
0.33273
0.14069
-0.012505
0.1536
0.15011
