0.18632,0.38066,0.41507,0.79051,0.32892,0.067469,0.25858,0.48208,0.067412,0.44321,0.55747,0.9006,0.87941,0.81236,0.27234,0.42306,0.78323,0.54792,0.57733,0.63246,0.074818,0.04152,0.55993,0.44511,0.21062
0.67659,0.83894,0.41407,0.10692,0.54818,0.30256,0.050662,0.56636,0.50931,0.017446,0.54833,0.52996,0.32308,0.68277,0.85445,0.49641,0.7146,0.66006,0.62246,0.55159,0.5704,0.90912,0.51727,0.23199,0.43105
0.3573,0.04869,0.37303,0.76048,0.76166,0.494,0.91398,0.56984,0.55288,0.091545,0.0097311,0.81921,0.77201,0.99416,0.066246,0.72451,0.66657,0.44136,0.2394,0.25278,0.83091,0.55382,0.29223,0.5839,0.43279
0.18018,0.1798,0.24261,0.97274,0.15148,0.66842,0.7087,0.80129,0.3129,0.68016,0.45227,0.7507,0.35199,0.22054,0.63425,0.9219,0.36715,0.48915,0.13017,0.39692,0.29629,0.84235,0.92161,0.014234,0.87123
0.41346,0.70321,0.50762,0.092125,0.91553,0.99631,0.68363,0.81724,0.36236,0.9426,0.33611,0.88818,0.3118,0.91907,0.87876,0.69134,0.17929,0.9523,0.25351,0.1744,0.64406,0.3135,0.40301,0.40855,0.747
0.80096,0.29785,0.97806,0.37569,0.7363,0.63541,0.76026,0.50606,0.74924,0.46385,0.34743,0.81342,0.80926,0.89507,0.11676,0.7963,0.44269,0.19777,0.23231,0.76255,0.13784,0.52003,0.90937,0.38337,0.39664
0.25128,0.42325,0.45789,0.5158,0.90863,0.77109,0.030832,0.5031,0.80169,0.95874,0.43625,0.22276,0.52489,0.89094,0.92157,0.83725,0.8136,0.83714,0.25018,0.79304,0.84453,0.19535,0.48359,0.14365,0.16646
0.66499,0.53377,0.97631,0.0039578,0.60888,0.25855,0.62013,0.70612,0.6007,0.49868,0.38562,0.15171,0.36362,0.28268,0.60486,0.04705,0.15075,0.29899,0.20507,0.47836,0.82414,0.013121,0.40913,0.73985,0.54183
0.17696,0.77163,0.043576,0.94738,0.62559,0.19888,0.51674,0.53643,0.29602,0.78357,0.62755,0.76314,0.6391,0.31277,0.045065,0.85647,0.020693,0.64307,0.78909,0.085622,0.75267,0.94655,0.69906,0.32479,0.020255
0.43209,0.23802,0.55215,0.45152,0.35769,0.23863,0.57099,0.9066,0.67737,0.66822,0.70689,0.96761,0.19402,0.51613,0.034714,0.40304,0.80864,0.48065,0.465,0.61817,0.91681,0.53397,0.84015,0.38294,0.12034
0.09582,0.62561,0.87538,0.98314,0.88555,0.51919,0.57993,0.94907,0.40021,0.375,0.23985,0.9052,0.73177,0.92591,0.12689,0.56316,0.35262,0.061264,0.079811,0.97154,0.4514,0.10044,0.19082,0.98905,0.63411
0.30095,0.718,0.29948,0.23313,0.26391,0.61869,0.20997,0.59868,0.54654,0.067799,0.69335,0.19467,0.26287,0.53416,0.86536,0.012703,0.22114,0.48325,0.056451,0.5011,0.70592,0.4514,0.86644,0.623,0.48479
0.7197,0.21887,0.062944,0.36739,0.10462,0.099882,0.82702,0.72644,0.64585,0.64704,0.19507,0.15159,0.23812,0.67958,0.52408,0.78537,0.81113,0.63812,0.64844,0.47581,0.67636,0.74855,0.61676,0.40398,0.99483
0.38354,0.48928,0.59399,0.26284,0.32481,0.40624,0.31836,0.42728,0.68893,0.44339,0.43782,0.46843,0.52236,0.11246,0.18816,0.48554,0.1044,0.38515,0.11891,0.99924,0.40706,0.53209,0.44225,0.23231,0.65897
0.4384,0.88591,0.19072,0.013248,0.52529,0.97119,0.44252,0.0086971,0.65571,0.15011,0.65431,0.90966,0.80947,0.60659,0.083342,0.33184,0.25323,0.26199,0.49841,0.71708,0.90959,0.92846,0.65396,0.96562,0.97233
0.0090919,0.99957,0.29575,0.070377,0.18099,0.65055,0.1839,0.53096,0.20932,0.072437,0.19529,0.19016,0.42309,0.27968,0.27664,0.52425,0.80525,0.6078,0.61881,0.46979,0.86144,0.39492,0.11844,0.14481,0.8807
0.17253,0.78656,0.2354,0.37827,0.541,0.78291,0.26432,0.21477,0.95455,0.76826,0.77454,0.66882,0.62713,0.11533,0.10064,0.79633,0.30474,0.41692,0.22698,0.019011,0.23482,0.16016,0.71203,0.40102,0.70458
0.083199,0.16283,0.6308,0.55988,0.2931,0.079982,0.073339,0.1833,0.47836,0.17779,0.064769,0.44988,0.18015,0.87323,0.89126,0.66855,0.70205,0.36424,0.96225,0.51528,0.56461,0.84649,0.10294,0.53205,0.083358
0.65513,0.62692,0.037771,0.23605,0.96499,0.48056,0.74952,0.95355,0.46153,0.21528,0.030503,0.80106,0.65749,0.66919,0.86517,0.81457,0.67895,0.050079,0.75,0.69729,0.50037,0.16375,0.56721,0.10095,0.44178
0.43491,0.32639,0.44909,0.59087,0.35107,0.06652,0.39093,0.74444,0.48116,0.57317,0.99817,0.61049,0.29684,0.14415,0.28834,0.93964,0.28135,0.50481,0.38837,0.074735,0.94757,0.85406,0.73733,0.58078,0.00052199
0.64248,0.59954,0.21375,0.89351,0.4333,0.43464,0.62329,0.2454,0.14979,0.63646,0.69379,0.42373,0.98925,0.78021,0.12183,0.60425,0.19493,0.62037,0.29398,0.081946,0.016323,0.84316,0.91897,0.10449,0.67862
0.51791,0.74861,0.38779,0.65097,0.84506,0.54613,0.14614,0.1061,0.11623,0.21965,0.94837,0.46263,0.45021,0.38913,0.73235,0.44033,0.26952,0.9467,0.89823,0.62356,0.30962,0.48447,0.87961,0.59587,0.77484
0.13162,0.86253,0.033661,0.50389,0.34033,0.85728,0.37218,0.99922,0.68357,0.44657,0.88791,0.9377,0.35138,0.31491,0.24151,0.73989,0.15935,0.74648,0.386,0.41306,0.96642,0.77395,0.37025,0.47811,0.91188
0.42929,0.061527,0.94454,0.64439,0.65162,0.39221,0.1476,0.66376,0.85552,0.70918,0.96237,0.91264,0.58496,0.86111,0.06922,0.25425,0.26076,0.88528,0.012075,0.4187,0.84838,0.84543,0.70904,0.81629,0.35425
0.99345,0.60731,0.45936,0.75926,0.5274,0.82937,0.35593,0.46956,0.14465,0.01823,0.10066,0.6056,0.8836,0.91519,0.35447,0.40019,0.11555,0.45039,0.13363,0.54015,0.099305,0.39974,0.38078,0.5737,0.54383
